13.933,30,418,25
B0,mixamorig_Hips,-1,0.9887690544128418,-0.13872234523296356,-0.055600833147764206,0,0.13526959717273712,0.9888859391212463,-0.061703745275735855,0,0.0635422021150589,0.0534902922809124,0.9965443015098572,0,0.013497985899448395,0.7282333374023438,-0.030769528821110725,1
B1,mixamorig_Spine,0,0.9999881982803345,0.004384391475468874,-0.0018901439616456628,0,-0.0042971293441951275,0.9990405440330505,0.04359059780836105,0,0.0020788111723959446,-0.0435820072889328,0.9990475177764893,0,0,0.1069210022687912,-0.004548000171780586,1
B2,mixamorig_Spine1,1,0.9998049139976501,0.019607333466410637,0.0024578706361353397,0,-0.019734332337975502,0.9971611499786377,0.07266581803560257,0,-0.0010259076952934265,-0.07270033657550812,0.9973530769348145,0,0,0.12485399842262268,0,1
B3,mixamorig_Spine2,2,0.9998018741607666,0.019635407254099846,0.0033660195767879486,0,-0.01967981643974781,0.9997110366821289,0.013799001462757587,0,-0.003094056388363242,-0.013862519524991512,0.9998989701271057,0,0,0.1426900029182434,0,1
B4,mixamorig_Neck,3,0.9949203133583069,0.09668052196502686,-0.028035679832100868,0,-0.09166756272315979,0.9852442741394043,0.14453619718551636,0,0.04159613326191902,-0.14123211801052094,0.9891018271446228,0,0,0.16052600741386414,0,1
B5,mixamorig_Head,4,0.9893540740013123,-0.11857223510742188,0.08437862247228622,0,0.056005071848630905,0.845354437828064,0.5312604904174805,0,-0.1343228816986084,-0.5208796262741089,0.8429951667785645,0,0,0.08235099911689758,0.0027660001069307327,1
B6,mixamorig_HeadTop_End,5,1,0,0,0,0,1,0,0,0,0,1,0,0,0.6795030236244202,0.02282099984586239,1
B7,mixamorig_LeftShoulder,3,0.0258970707654953,0.02308248169720173,-0.9993979334831238,0,0.9766548275947571,-0.21384800970554352,0.020368995144963264,0,-0.21324893832206726,-0.9765939712524414,-0.0280812606215477,0,0.11280900239944458,0.12530800700187683,-0.0013559999642893672,1
B8,mixamorig_LeftArm,7,0.8355213403701782,0.47237861156463623,-0.28064337372779846,0,0.09061503410339355,0.3853091895580292,0.9183272123336792,0,0.5419330596923828,-0.7927137017250061,0.27912917733192444,0,0,0.23640799522399902,0,1
B9,mixamorig_LeftForeArm,8,0.8524162769317627,0.30912983417510986,0.42168062925338745,0,-0.2986564636230469,0.9498518109321594,-0.09259962290525436,0,-0.42916339635849,-0.04700464382767677,0.9020031690597534,0,0,0.11701899766921997,0,1
B10,mixamorig_LeftHand,9,1,0,0,0,0,1,0,0,0,0,1,0,0,0.3052479922771454,0,1
B11,mixamorig_RightShoulder,3,0.09634345024824142,-0.01973741129040718,0.9951525926589966,0,-0.9413919448852539,-0.32651764154434204,0.08466315269470215,0,0.32326453924179077,-0.9449845552444458,-0.05003802105784416,0,-0.11280900239944458,0.12532000243663788,-0.001639000023715198,1
B12,mixamorig_RightArm,11,0.926713228225708,0.3601035475730896,-0.10735353082418442,0,-0.08625826984643936,0.48192840814590454,0.8719542622566223,0,0.36573052406311035,-0.7987926006317139,0.4776710569858551,0,0,0.23640799522399902,0,1
B13,mixamorig_RightForeArm,12,0.9472403526306152,-0.2837448716163635,0.14905348420143127,0,0.26955631375312805,0.9568519592285156,0.10846646875143051,0,-0.1734018325805664,-0.0625661164522171,0.982861340045929,0,0,0.11789300292730331,0,1
B14,mixamorig_RightHand,13,1,0,0,0,0,1,0,0,0,0,1,0,0,0.3110769987106323,0,1
B15,mixamorig_LeftUpLeg,0,-0.9792868494987488,-0.18280337750911713,0.08706033229827881,0,0.18584050238132477,-0.9821782112121582,0.028096146881580353,0,0.08037275820970535,0.04369351267814636,0.9958063364028931,0,0.13030600547790527,-0.05987200140953064,-0.003938000183552504,1
B16,mixamorig_LeftLeg,15,0.986656665802002,-0.16266180574893951,0.007033730857074261,0,0.16229914128780365,0.9791936278343201,-0.12181143462657928,0,0.012926817871630192,0.12132808566093445,0.9925280213356018,0,0,0.3087190091609955,0,1
B17,mixamorig_LeftFoot,16,0.9913941025733948,0.12879443168640137,-0.023443711921572685,0,0.0032330460380762815,0.15494070947170258,0.987917959690094,0,0.13087044656276703,-0.9794920086860657,0.1531912237405777,0,0,0.19481000304222107,0,1
B18,mixamorig_LeftToeBase,17,0.9982240200042725,-0.05955899879336357,-0.001331962994299829,0,0.05842899903655052,0.974435031414032,0.21693678200244904,0,-0.011622999794781208,-0.2166297435760498,0.9761850833892822,0,0,0.40501299500465393,0,1
B19,mixamorig_LeftToe_End,18,1,0,0,0,0,1,0,0,0,0,1,0,0,0.3999040126800537,0,1
B20,mixamorig_RightUpLeg,0,-0.9290580749511719,-0.10366352647542953,-0.355111688375473,0,-0.28487610816955566,-0.4119088053703308,0.8655498027801514,0,-0.23599939048290253,0.9053090214729309,0.35315564274787903,0,-0.13030600547790527,-0.05987200140953064,0.004098999779671431,1
B21,mixamorig_RightLeg,20,0.9953738451004028,-0.015388530679047108,0.09483202546834946,0,0.09002502262592316,-0.1952838897705078,-0.976606011390686,0,0.03354685753583908,0.9806257486343384,-0.19299498200416565,0,0,0.30887800455093384,0,1
B22,mixamorig_RightFoot,21,0.9886931777000427,0.004406246822327375,0.14989039301872253,0,-0.13303254544734955,-0.4355177581310272,0.8902961611747742,0,0.06920302659273148,-0.9001693725585938,-0.4300064742565155,0,0,0.5201889872550964,0,1
B23,mixamorig_RightToeBase,22,0.9990159869194031,0.0443410761654377,0.0011968890903517604,0,-0.04417707398533821,0.992173433303833,0.11679352074861526,0,0.003990963101387024,-0.11673151701688766,0.9931554198265076,0,0,0.872793972492218,0,1
B24,mixamorig_RightToe_End,23,1,0,0,0,0,1,0,0,0,0,1,0,0,0.3985399901866913,0,1
@20,0,1,2,3,4,5,7,8,9,11,12,13,15,16,17,18,20,21,22,23
K0.000,0.9900919795036316,-0.13676699995994568,-0.03183399885892868,0,0.1330839991569519,0.9862470030784607,-0.09801000356674194,0,0.04479999840259552,0.0928030014038086,0.9946759939193726,0,0.01130599994212389,0.727063000202179,-0.005661000031977892,1,0.9945979714393616,0.08713199943304062,0.056419000029563904,0,-0.09074100106954575,0.9937570095062256,0.0649069994688034,0,-0.05041100084781647,-0.0696759968996048,0.9962949752807617,0,0,0.1069210022687912,-0.004548000171780586,1,0.9998949766159058,0.004585999995470047,0.013749999925494194,0,-0.005646000150591135,0.9969350099563599,0.07803399860858917,0,-0.01334999967366457,-0.07810299843549728,0.9968559741973877,0,0,0.12485399842262268,0,1,0.9998679757118225,0.004939999897032976,0.015452999621629715,0,-0.00523399980738759,0.9998059868812561,0.019009999930858612,0,-0.015355999581515789,-0.019088000059127808,0.9997000098228455,0,0,0.1426900029182434,0,1,0.9979329705238342,0.05803000181913376,-0.027590999379754066,0,-0.05936900153756142,0.9969589710235596,-0.05047599971294403,0,0.024577999487519264,0.05200999975204468,0.9983440041542053,0,0,0.16052600741386414,0,1,0.9994310140609741,-0.019223999232053757,0.027698000892996788,0,0.017640000209212303,0.9982569813728333,0.05631899833679199,0,-0.028731999918818474,-0.0557980015873909,0.9980289936065674,0,0,0.08235099911689758,0.0027660001069307327,1,0.049215998500585556,0.010827000252902508,-0.9987289905548096,0,0.9760239720344543,-0.2127940058708191,0.04579000174999237,0,-0.21202799677848816,-0.9770370125770569,-0.021040000021457672,0,0.11280900239944458,0.12530800700187683,-0.0013559999642893672,1,0.8161270022392273,0.5027310252189636,-0.2849529981613159,0,0.09590599685907364,0.3684319853782654,0.9246940016746521,0,0.5698590278625488,-0.78199702501297,0.25247201323509216,0,0,0.23640799522399902,0,1,0.848704993724823,0.3207080066204071,0.4205299913883209,0,-0.3098430037498474,0.9459220170974731,-0.09606900066137314,0,-0.4285989999771118,-0.04876499995589256,0.9021779894828796,0,0,0.11701899766921997,0,1,0.1026189997792244,-0.001095999963581562,0.9947199821472168,0,-0.9341400265693665,-0.34375500679016113,0.09599100053310394,0,0.34183499217033386,-0.9390590190887451,-0.036299001425504684,0,-0.11280900239944458,0.12532000243663788,-0.001639000023715198,1,0.9120079874992371,0.3967140018939972,-0.10420999675989151,0,-0.08899799734354019,0.4394029974937439,0.8938699960708618,0,0.4004009962081909,-0.8059419989585876,0.4360460042953491,0,0,0.23640799522399902,0,1,0.9628810286521912,-0.22074399888515472,0.15534700453281403,0,0.20970599353313446,0.9741160273551941,0.08438300341367722,0,-0.16995300352573395,-0.048673998564481735,0.9842489957809448,0,0,0.11789300292730331,0,1,-0.9753310084342957,-0.20443999767303467,0.08327099680900574,0,0.19889800250530243,-0.9775000214576721,-0.0702420026063919,0,0.09575799852609634,-0.05194700136780739,0.994047999382019,0,0.13030600547790527,-0.05987200140953064,-0.003938000183552504,1,0.9820420145988464,-0.18648900091648102,-0.028565000742673874,0,0.1817920058965683,0.9758539795875549,-0.12108299881219864,0,0.05045599862933159,0.1137159988284111,0.992231011390686,0,0,0.3087190091609955,0,1,0.9912970066070557,0.1297290027141571,0.02236800082027912,0,-0.03479300066828728,0.09431800246238708,0.9949340224266052,0,0.12696300446987152,-0.9870529770851135,0.09801100194454193,0,0,0.19481000304222107,0,1,0.9982240200042725,-0.059567999094724655,-0.0011950000189244747,0,0.058451998978853226,0.9752389788627625,0.2132900059223175,0,-0.011540000326931477,-0.21298100054264069,0.9769880175590515,0,0,0.40501299500465393,0,1,-0.9375709891319275,-0.07238700240850449,-0.3401780128479004,0,-0.2641099989414215,-0.48820701241493225,0.8318049907684326,0,-0.22628900408744812,0.869720995426178,0.4386110007762909,0,-0.13030600547790527,-0.05987200140953064,0.004098999779671431,1,0.9962049722671509,-0.015122000128030777,0.08571100234985352,0,0.08143900334835052,-0.1854729950428009,-0.9792690277099609,0,0.030704999342560768,0.9825329780578613,-0.18353700637817383,0,0,0.30887800455093384,0,1,0.988207995891571,0.006227999925613403,0.15299299359321594,0,-0.13199099898338318,-0.4718190133571625,0.8717600107192993,0,0.07761500030755997,-0.8816729784011841,-0.4654330015182495,0,0,0.5201889872550964,0,1,0.9989820122718811,0.04511300101876259,-0.0002840000088326633,0,-0.04492799937725067,0.9954190254211426,0.08439800143241882,0,0.004089999943971634,-0.08429999649524689,0.9964320063591003,0,0,0.872793972492218,0,1
K0.033,0.9898459911346436,-0.1385130137205124,-0.031922001391649246,0,0.1348380148410797,0.9860579967498779,-0.09751499444246292,0,0.04498400166630745,0.0922199934720993,0.9947220087051392,0,0.011374999769032001,0.7273060083389282,-0.005488998256623745,1,0.9943789839744568,0.0894700288772583,0.05661800131201744,0,-0.09307002276182175,0.9935680031776428,0.0644959956407547,0,-0.05048299953341484,-0.06940299272537231,0.9963110089302063,0,0,0.1069210022687912,-0.004548000171780586,1,0.9998970031738281,0.004165995866060257,0.013698998838663101,0,-0.005222995765507221,0.9969369769096375,0.0780399963259697,0,-0.013332000002264977,-0.07810299843549728,0.9968559741973877,0,0,0.12485399842262268,0,1,0.999871015548706,0.004518995992839336,0.01542700082063675,0,-0.004811995662748814,0.9998080134391785,0.019015999510884285,0,-0.01533800084143877,-0.019088000059127808,0.9997000098228455,0,0,0.1426900029182434,0,1,0.9979329705238342,0.05803000181913376,-0.027590999379754066,0,-0.05936900153756142,0.9969589710235596,-0.05047600343823433,0,0.024577999487519264,0.052010003477334976,0.9983440041542053,0,0,0.16052600741386414,0,1,0.999422013759613,-0.019297003746032715,0.027970004826784134,0,0.017698002979159355,0.9982560276985168,0.056324996054172516,0,-0.029008004814386368,-0.055796995759010315,0.9980210065841675,0,0,0.08235099911689758,0.0027660001069307327,1,0.04960400238633156,0.010030991397798061,-0.9987189769744873,0,0.9761000275611877,-0.21232299506664276,0.046348005533218384,0,-0.21158599853515625,-0.9771479964256287,-0.020322993397712708,0,0.11280900239944458,0.12530800700187683,-0.0013559999642893672,1,0.8161399960517883,0.5032950043678284,-0.28391900658607483,0,0.09533099085092545,0.36733201146125793,0.9251919984817505,0,0.569936990737915,-0.782151997089386,0.25181400775909424,0,0,0.23640799522399902,0,1,0.8499469757080078,0.31689298152923584,0.42091500759124756,0,-0.3061569631099701,0.9472370147705078,-0.09492598474025726,0,-0.4287880063056946,-0.04818399250507355,0.902118980884552,0,0,0.11701899766921997,0,1,0.10277099907398224,-0.0001389903191011399,0.9947050213813782,0,-0.9343860149383545,-0.34294700622558594,0.0964910089969635,0,0.3411180078983307,-0.9393550157546997,-0.03537499159574509,0,-0.11280900239944458,0.12532000243663788,-0.001639000023715198,1,0.9121739864349365,0.39646199345588684,-0.10371098667383194,0,-0.08897700905799866,0.4386419951915741,0.894245982170105,0,0.40002599358558655,-0.8064810037612915,0.4353939890861511,0,0,0.23640799522399902,0,1,0.9627590179443359,-0.22130700945854187,0.15529799461364746,0,0.21024101972579956,0.9739819765090942,0.08459901064634323,0,-0.1699800044298172,-0.04879800230264664,0.9842389822006226,0,0,0.11789300292730331,0,1,-0.9749410152435303,-0.2063780128955841,0.0830489993095398,0,0.2009810209274292,-0.9771689772605896,-0.06889598816633224,0,0.09537199884653091,-0.05047798529267311,0.9941610097885132,0,0.13030600547790527,-0.05987200140953064,-0.003938000183552504,1,0.9820560216903687,-0.18655699491500854,-0.027613993734121323,0,0.1818380057811737,0.975521981716156,-0.1236630231142044,0,0.05000799521803856,0.11642201989889145,0.9919400215148926,0,0,0.3087190091609955,0,1,0.9913570284843445,0.12935799360275269,0.02187299355864525,0,-0.034026991575956345,0.09249898791313171,0.9951310157775879,0,0.12670500576496124,-0.9872739911079407,0.09610098600387573,0,0,0.19481000304222107,0,1,0.9982240200042725,-0.059567999094724655,-0.0011950000189244747,0,0.058451998978853226,0.9752389788627625,0.2132900059223175,0,-0.011540000326931477,-0.21298100054264069,0.9769880175590515,0,0,0.40501299500465393,0,1,-0.9374909996986389,-0.07368402183055878,-0.34012100100517273,0,-0.26319101452827454,-0.4893079996109009,0.8314499855041504,0,-0.2276890128850937,0.8689929842948914,0.43932899832725525,0,-0.13030600547790527,-0.05987200140953064,0.004098999779671431,1,0.996254026889801,-0.01506000105291605,0.08514899015426636,0,0.08094698935747147,-0.1838589906692505,-0.9796140193939209,0,0.03040899895131588,0.9828370213508606,-0.18195098638534546,0,0,0.30887800455093384,0,1,0.988215982913971,0.006255994085222483,0.15293799340724945,0,-0.13195499777793884,-0.4715319871902466,0.8719210028648376,0,0.07756999135017395,-0.8818269968032837,-0.46514999866485596,0,0,0.5201889872550964,0,1,0.9989820122718811,0.04510499909520149,-0.00030400019022636116,0,-0.044916000217199326,0.9953709840774536,0.08496500551700592,0,0.004135000519454479,-0.08486500382423401,0.9963840246200562,0,0,0.872793972492218,0,1
K0.067,0.9896010160446167,-0.14023198187351227,-0.032012999057769775,0,0.1365799903869629,0.9859009981155396,-0.09666600823402405,0,0.04511699825525284,0.0912880077958107,0.9948019981384277,0,0.011355999857187271,0.7275390028953552,-0.005306001752614975,1,0.99413001537323,0.09209897369146347,0.05677200108766556,0,-0.09567097574472427,0.9933680295944214,0.06377700716257095,0,-0.05052100121974945,-0.06883400678634644,0.9963480234146118,0,0,0.1069210022687912,-0.004548000171780586,1,0.9998999834060669,0.003730004420503974,0.01364700123667717,0,-0.004784004297107458,0.9969379901885986,0.07804600149393082,0,-0.013314000330865383,-0.07810299843549728,0.9968559741973877,0,0,0.12485399842262268,0,1,0.9998720288276672,0.0040770042687654495,0.015480998903512955,0,-0.004372004419565201,0.9998090267181396,0.019021999090909958,0,-0.015399998985230923,-0.019088000059127808,0.9996989965438843,0,0,0.1426900029182434,0,1,0.9979360103607178,0.05797399953007698,-0.02760300040245056,0,-0.05931999906897545,0.9969490170478821,-0.05073299631476402,0,0.024577999487519264,0.05226599797606468,0.9983310103416443,0,0,0.16052600741386414,0,1,0.9994009733200073,-0.019623996689915657,0.028508994728326797,0,0.018004996702075005,0.9982690215110779,0.05599500238895416,0,-0.02955799363553524,-0.055448003113269806,0.9980239868164062,0,0,0.08235099911689758,0.0027660001069307327,1,0.04994499683380127,0.009174007922410965,-0.9987099766731262,0,0.9761819839477539,-0.21182900667190552,0.04687199741601944,0,-0.21112599968910217,-0.9772639870643616,-0.019536007195711136,0,0.11280900239944458,0.12530800700187683,-0.0013559999642893672,1,0.8158720135688782,0.5042080283164978,-0.283066987991333,0,0.09482400864362717,0.36624398827552795,0.9256749749183655,0,0.5704039931297302,-0.782073974609375,0.25099700689315796,0,0,0.23640799522399902,0,1,0.8511729836463928,0.3130740225315094,0.4212949872016907,0,-0.30246701836586,0.9485350251197815,-0.093781016767025,0,-0.4289740025997162,-0.04760400578379631,0.9020619988441467,0,0,0.11701899766921997,0,1,0.10309799760580063,0.000827990414109081,0.9946709871292114,0,-0.9345719814300537,-0.3422529995441437,0.09715299308300018,0,0.34050899744033813,-0.9396079778671265,-0.034511007368564606,0,-0.11280900239944458,0.12532000243663788,-0.001639000023715198,1,0.9123820066452026,0.39628300070762634,-0.1025640144944191,0,-0.08965699374675751,0.43793800473213196,0.894523024559021,0,0.3994010090827942,-0.8069509863853455,0.43509599566459656,0,0,0.23640799522399902,0,1,0.9622910022735596,-0.22346597909927368,0.15511000156402588,0,0.21229098737239838,0.9734650254249573,0.08542399108409882,0,-0.17008300125598907,-0.04927399754524231,0.9841970205307007,0,0,0.11789300292730331,0,1,-0.9745270013809204,-0.2083919793367386,0.08288799971342087,0,0.20315398275852203,-0.9768270254135132,-0.06736401468515396,0,0.09500599652528763,-0.04880901426076889,0.9942790269851685,0,0.13030600547790527,-0.05987200140953064,-0.003938000183552504,1,0.9820470213890076,-0.1866929978132248,-0.02700500562787056,0,0.1819400042295456,0.9752330183982849,-0.1257689893245697,0,0.04981600493192673,0.11859797686338425,0.9916920065879822,0,0,0.3087190091609955,0,1,0.9914259910583496,0.1289069950580597,0.021373005583882332,0,-0.03327800706028938,0.09092501550912857,0.9953020215034485,0,0.1263580024242401,-0.9874789714813232,0.09443501383066177,0,0,0.19481000304222107,0,1,0.9982240200042725,-0.059567999094724655,-0.0011950000189244747,0,0.058451998978853226,0.9752389788627625,0.2132900059223175,0,-0.011540000326931477,-0.21298100054264069,0.9769880175590515,0,0,0.40501299500465393,0,1,-0.9373490214347839,-0.07580697536468506,-0.3400439918041229,0,-0.2619209885597229,-0.4902530014514923,0.8312940001487732,0,-0.22972598671913147,0.8682770133018494,0.4396829903125763,0,-0.13030600547790527,-0.05987200140953064,0.004098999779671431,1,0.9962909817695618,-0.015128999017179012,0.08470400422811508,0,0.08053600788116455,-0.18259000778198242,-0.9798849821090698,0,0.030291002243757248,0.9830729961395264,-0.18069501221179962,0,0,0.30887800455093384,0,1,0.9882580041885376,0.00565300602465868,0.15268999338150024,0,-0.13201099634170532,-0.47159600257873535,0.8718780279159546,0,0.0769370049238205,-0.8817970156669617,-0.46531200408935547,0,0,0.5201889872550964,0,1,0.9989820122718811,0.04509799927473068,-0.00032499979715794325,0,-0.044906001538038254,0.9953280091285706,0.08547699451446533,0,0.004177999682724476,-0.08537499606609344,0.9963399767875671,0,0,0.872793972492218,0,1
K0.100,0.9893559813499451,-0.1419290006160736,-0.03211100026965141,0,0.13829399645328522,0.9857320189476013,-0.09595099836587906,0,0.045271001756191254,0.090488001704216,0.9948679804801941,0,0.01126100029796362,0.7277640104293823,-0.005113999824970961,1,0.9938899874687195,0.09459500014781952,0.05688000097870827,0,-0.09814199805259705,0.9931650161743164,0.06317999958992004,0,-0.05051499977707863,-0.06837700307369232,0.9963799715042114,0,0,0.1069210022687912,-0.004548000171780586,1,0.9999009966850281,0.0032709999941289425,0.013666000217199326,0,-0.004327999893575907,0.996940016746521,0.07805199921131134,0,-0.0133689995855093,-0.07810299843549728,0.9968559741973877,0,0,0.12485399842262268,0,1,0.9998729825019836,0.003621000098064542,0.015536000020802021,0,-0.0039160000160336494,0.9998109936714172,0.019029000774025917,0,-0.015464000403881073,-0.019088000059127808,0.9996979832649231,0,0,0.1426900029182434,0,1,0.9979400038719177,0.057906001806259155,-0.02762399986386299,0,-0.05926299840211868,0.9969320297241211,-0.05114100128412247,0,0.024577999487519264,0.052671998739242554,0.9983090162277222,0,0,0.16052600741386414,0,1,0.9993889927864075,-0.019812000915408134,0.02879600040614605,0,0.018199000507593155,0.9983069896697998,0.055240001529455185,0,-0.02984200045466423,-0.05468299984931946,0.998058021068573,0,0,0.08235099911689758,0.0027660001069307327,1,0.05036500096321106,0.008359000086784363,-0.9986960291862488,0,0.9762610197067261,-0.2113330066204071,0.047463998198509216,0,-0.21066099405288696,-0.9773780107498169,-0.01880500093102455,0,0.11280900239944458,0.12530800700187683,-0.0013559999642893672,1,0.8155249953269958,0.5046849846839905,-0.2832159996032715,0,0.09538000077009201,0.3654769957065582,0.9259210228919983,0,0.5708069801330566,-0.7821249961853027,0.24991899728775024,0,0,0.23640799522399902,0,1,0.851747989654541,0.3112649917602539,0.4214729964733124,0,-0.3007200062274933,0.9491440057754517,-0.09324000030755997,0,-0.42906099557876587,-0.04732799902558327,0.9020349979400635,0,0,0.11701899766921997,0,1,0.1035199984908104,0.0017130000051110983,0.994625985622406,0,-0.934719979763031,-0.34164199233055115,0.0978740006685257,0,0.33997398614883423,-0.9398279786109924,-0.0337660014629364,0,-0.11280900239944458,0.12532000243663788,-0.001639000023715198,1,0.9126030206680298,0.39594200253486633,-0.10190500319004059,0,-0.08975700289011002,0.4371980130672455,0.8948749899864197,0,0.3988719880580902,-0.8075199723243713,0.4345270097255707,0,0,0.23640799522399902,0,1,0.9620100259780884,-0.22474999725818634,0.15499700605869293,0,0.21351200342178345,0.9731550216674805,0.08591499924659729,0,-0.17014500498771667,-0.04955799877643585,0.984171986579895,0,0,0.11789300292730331,0,1,-0.9741100072860718,-0.21041199564933777,0.08268699795007706,0,0.20530399680137634,-0.9764599800109863,-0.06615500152111053,0,0.09465999901294708,-0.04746599867939949,0.9943770170211792,0,0.13030600547790527,-0.05987200140953064,-0.003938000183552504,1,0.9820849895477295,-0.18662400543689728,-0.026086999103426933,0,0.18189099431037903,0.9750109910964966,-0.12755100429058075,0,0.04923899844288826,0.12052100151777267,0.9914889931678772,0,0,0.3087190091609955,0,1,0.9915099740028381,0.12834499776363373,0.020850999280810356,0,-0.03250199928879738,0.08936700224876404,0.995468020439148,0,0.125900000333786,-0.9876949787139893,0.09278000146150589,0,0,0.19481000304222107,0,1,0.9982240200042725,-0.05956900119781494,-0.0011879999656230211,0,0.05845300108194351,0.9752770066261292,0.2131129950284958,0,-0.011536000296473503,-0.21280400454998016,0.9770269989967346,0,0,0.40501299500465393,0,1,-0.9372419714927673,-0.07752899825572968,-0.33994999527931213,0,-0.2608329951763153,-0.4911249876022339,0.831121027469635,0,-0.2313939929008484,0.8676319718360901,0.44008100032806396,0,-0.13030600547790527,-0.05987200140953064,0.004098999779671431,1,0.9963459968566895,-0.015232999809086323,0.08403799682855606,0,0.07989999651908875,-0.18136300146579742,-0.9801650047302246,0,0.03017199970781803,0.9832980036735535,-0.17948399484157562,0,0,0.30887800455093384,0,1,0.9882919788360596,0.005276000127196312,0.15248100459575653,0,-0.13200700283050537,-0.47154501080513,0.8719050288200378,0,0.0765020027756691,-0.8818259835243225,-0.46532800793647766,0,0,0.5201889872550964,0,1,0.9989839792251587,0.045076001435518265,-0.0002849999873433262,0,-0.04488300159573555,0.995244026184082,0.0864579975605011,0,0.0041809999383986,-0.0863569974899292,0.9962549805641174,0,0,0.872793972492218,0,1
K0.133,0.9891210198402405,-0.1435370147228241,-0.03221200034022331,0,0.13992401957511902,0.9855800271034241,-0.0951479896903038,0,0.04540500044822693,0.08960499614477158,0.9949420094490051,0,0.011098998598754406,0.7279710173606873,-0.004932998213917017,1,0.9936389923095703,0.09713602811098099,0.056977998465299606,0,-0.10065703094005585,0.9929519891738892,0.06256598979234695,0,-0.050498999655246735,-0.06790298968553543,0.996412992477417,0,0,0.1069210022687912,-0.004548000171780586,1,0.9999020099639893,0.002796995220705867,0.013686000369489193,0,-0.003856995142996311,0.9969409704208374,0.07805799692869186,0,-0.013425000943243504,-0.07810299843549728,0.9968550205230713,0,0,0.12485399842262268,0,1,0.9998729825019836,0.0031499951146543026,0.015593000687658787,0,-0.003446995047852397,0.9998130202293396,0.019036000594496727,0,-0.015530001372098923,-0.01908699981868267,0.9996970295906067,0,0,0.1426900029182434,0,1,0.9979419708251953,0.057858001440763474,-0.02764499932527542,0,-0.059227000921964645,0.9969130158424377,-0.051541004329919815,0,0.024577999487519264,0.0530720055103302,0.9982879757881165,0,0,0.16052600741386414,0,1,0.9993789792060852,-0.019964002072811127,0.029019003733992577,0,0.01836700178682804,0.9983559846878052,0.05429399386048317,0,-0.030056003481149673,-0.05372699350118637,0.9981030225753784,0,0,0.08235099911689758,0.0027660001069307327,1,0.0508430078625679,0.007502990309149027,-0.9986780285835266,0,0.9763370156288147,-0.21083000302314758,0.04812100902199745,0,-0.21019099652767181,-0.9774940013885498,-0.01804499141871929,0,0.11280900239944458,0.12530800700187683,-0.0013559999642893672,1,0.8153449892997742,0.5047129988670349,-0.2836860120296478,0,0.09643200784921646,0.36475300788879395,0.9260969758033752,0,0.5708879828453064,-0.7824450135231018,0.24872899055480957,0,0,0.23640799522399902,0,1,0.8520399928092957,0.3103399872779846,0.4215640127658844,0,-0.2998259961605072,0.9494540095329285,-0.09296299517154694,0,-0.4291059970855713,-0.04718799516558647,0.9020209908485413,0,0,0.11701899766921997,0,1,0.10400300472974777,0.0026470106095075607,0.9945729970932007,0,-0.9348469972610474,-0.34106600284576416,0.09866500645875931,0,0.339477002620697,-0.9400349855422974,-0.032997991889715195,0,-0.11280900239944458,0.12532000243663788,-0.001639000023715198,1,0.9126819968223572,0.3960070013999939,-0.10094499588012695,0,-0.09033101052045822,0.436383992433548,0.8952149748802185,0,0.3985620141029358,-0.8079280257225037,0.4340519905090332,0,0,0.23640799522399902,0,1,0.9615190029144287,-0.22697502374649048,0.15479899942874908,0,0.21562503278255463,0.9726139903068542,0.08676500618457794,0,-0.1702529937028885,-0.05004800856113434,0.984129011631012,0,0,0.11789300292730331,0,1,-0.973675012588501,-0.21244902908802032,0.08259899914264679,0,0.20746703445911407,-0.9760850071907043,-0.06492598354816437,0,0.09441699832677841,-0.04608098417520523,0.9944660067558289,0,0.13030600547790527,-0.05987200140953064,-0.003938000183552504,1,0.9821370244026184,-0.1864510029554367,-0.02534499764442444,0,0.18173199892044067,0.9748330116271973,-0.129130020737648,0,0.04878399893641472,0.12221701443195343,0.9913039803504944,0,0,0.3087190091609955,0,1,0.9916039705276489,0.12770600616931915,0.02030099369585514,0,-0.031707990914583206,0.08793298155069351,0.9956219792366028,0,0.12536199390888214,-0.9879059791564941,0.09124398231506348,0,0,0.19481000304222107,0,1,0.9982230067253113,-0.05956900119781494,-0.0011799999047070742,0,0.0584539994597435,0.9753260016441345,0.21289099752902985,0,-0.011531000025570393,-0.21258200705051422,0.9770749807357788,0,0,0.40501299500465393,0,1,-0.9373000264167786,-0.07903001457452774,-0.33944401144981384,0,-0.25950101017951965,-0.4919010102748871,0.8310790061950684,0,-0.23265302181243896,0.8670570254325867,0.4405499994754791,0,-0.13030600547790527,-0.05987200140953064,0.004098999779671431,1,0.996412992477417,-0.015772001817822456,0.08313999325037003,0,0.07895398885011673,-0.18026597797870636,-0.9804440140724182,0,0.03045099787414074,0.9834910035133362,-0.17837399244308472,0,0,0.30887800455093384,0,1,0.9883000254631042,0.004976994823664427,0.15243999660015106,0,-0.13210299611091614,-0.47162100672721863,0.8718500137329102,0,0.07623299211263657,-0.8817870020866394,-0.46544599533081055,0,0,0.5201889872550964,0,1,0.9989849925041199,0.045054998248815536,-0.00024299956567119807,0,-0.044861000031232834,0.9951630234718323,0.08739300817251205,0,0.004178999923169613,-0.08729300647974014,0.9961739778518677,0,0,0.872793972492218,0,1
K0.167,0.9888889789581299,-0.1450989842414856,-0.03231300041079521,0,0.1415099799633026,0.9854329824447632,-0.09431900829076767,0,0.045527998358011246,0.08869800716638565,0.9950169920921326,0,0.010876001790165901,0.7281609773635864,-0.004767002072185278,1,0.9933689832687378,0.09979697316884995,0.05708000063896179,0,-0.10328797250986099,0.9927240014076233,0.06189500913023949,0,-0.05048799887299538,-0.06738001108169556,0.9964489936828613,0,0,0.1069210022687912,-0.004548000171780586,1,0.9999030232429504,0.002310004783794284,0.013705999590456486,0,-0.003373004961758852,0.9969429969787598,0.07806400209665298,0,-0.013482999056577682,-0.07810299843549728,0.9968540072441101,0,0,0.12485399842262268,0,1,0.9998739957809448,0.0026660049334168434,0.015651000663638115,0,-0.002964004874229431,0.999813973903656,0.019043000414967537,0,-0.015597999095916748,-0.01908699981868267,0.9996960163116455,0,0,0.1426900029182434,0,1,0.9979439973831177,0.057822998613119125,-0.027661999687552452,0,-0.05920000001788139,0.9968979954719543,-0.05185599625110626,0,0.024577999487519264,0.05338699743151665,0.9982709884643555,0,0,0.16052600741386414,0,1,0.999364972114563,-0.020135998725891113,0.0293979961425066,0,0.0185449980199337,0.9983999729156494,0.05342000722885132,0,-0.03042699582874775,-0.052841007709503174,0.9981390237808228,0,0,0.08235099911689758,0.0027660001069307327,1,0.05141199380159378,0.006525009870529175,-0.9986559748649597,0,0.9764130115509033,-0.21030400693416595,0.04889299347996712,0,-0.2097020000219345,-0.9776139855384827,-0.017183009535074234,0,0.11280900239944458,0.12530800700187683,-0.0013559999642893672,1,0.8150200247764587,0.505016028881073,-0.284078985452652,0,0.09736399352550507,0.36393800377845764,0.9263200163841248,0,0.5711939930915833,-0.7826290130615234,0.24744601547718048,0,0,0.23640799522399902,0,1,0.8524749875068665,0.3089599907398224,0.42169898748397827,0,-0.29849299788475037,0.9499139785766602,-0.09254901111125946,0,-0.42917200922966003,-0.04697800427675247,0.9020000100135803,0,0,0.11701899766921997,0,1,0.10453299432992935,0.0037079895846545696,0.994513988494873,0,-0.9349319934844971,-0.34057900309562683,0.09953999519348145,0,0.33908000588417053,-0.9402089715003967,-0.0321350060403347,0,-0.11280900239944458,0.12532000243663788,-0.001639000023715198,1,0.912663996219635,0.3963249921798706,-0.09985600411891937,0,-0.09117699414491653,0.43559199571609497,0.8955150246620178,0,0.39841198921203613,-0.8081989884376526,0.43368399143218994,0,0,0.23640799522399902,0,1,0.9609379768371582,-0.22957997024059296,0.15456600487232208,0,0.21809996664524078,0.9719730019569397,0.08776099234819412,0,-0.17038199305534363,-0.05062299221754074,0.984076976776123,0,0,0.11789300292730331,0,1,-0.9731569886207581,-0.21467198431491852,0.0829479992389679,0,0.20978596806526184,-0.9756630063056946,-0.06380701065063477,0,0.0946270003914833,-0.04469301551580429,0.9945089817047119,0,0.13030600547790527,-0.05987200140953064,-0.003938000183552504,1,0.9821230173110962,-0.18655100464820862,-0.02515300177037716,0,0.18179400265216827,0.9746559858322144,-0.13037298619747162,0,0.048836998641490936,0.12346998602151871,0.9911460280418396,0,0,0.3087190091609955,0,1,0.9916759729385376,0.12722699344158173,0.019779006019234657,0,-0.030990008264780045,0.08674901723861694,0.995747983455658,0,0.12497000396251678,-0.9880729913711548,0.08996901661157608,0,0,0.19481000304222107,0,1,0.9982230067253113,-0.05956999957561493,-0.0011690001701936126,0,0.058455999940633774,0.9753860235214233,0.2126159965991974,0,-0.01152500044554472,-0.21230599284172058,0.9771350026130676,0,0,0.40501299500465393,0,1,-0.9372169971466064,-0.08069898188114166,-0.33928200602531433,0,-0.25840601325035095,-0.4926399886608124,0.8309829831123352,0,-0.2342039793729782,0.8664839863777161,0.4408569931983948,0,-0.13030600547790527,-0.05987200140953064,0.004098999779671431,1,0.9964789748191833,-0.015903998166322708,0.08231500536203384,0,0.07814900577068329,-0.17927201092243195,-0.9806910157203674,0,0.030354002490639687,0.9836710095405579,-0.17739801108837128,0,0,0.30887800455093384,0,1,0.9883549809455872,0.004460005089640617,0.15209999680519104,0,-0.13203300535678864,-0.47175300121307373,0.8717889785766602,0,0.07564200460910797,-0.8817189931869507,-0.46566998958587646,0,0,0.5201889872550964,0,1,0.998986005783081,0.04503300040960312,-0.00020000043150503188,0,-0.04483899846673012,0.9950810074806213,0.08834199607372284,0,0.004178000148385763,-0.08824299275875092,0.9960899949073792,0,0,0.872793972492218,0,1
K0.200,0.988631010055542,-0.14677800238132477,-0.032628998160362244,0,0.14319899678230286,0.9852820038795471,-0.0933459997177124,0,0.0458500012755394,0.08761300146579742,0.9950990080833435,0,0.010610000230371952,0.7283729910850525,-0.004596000071614981,1,0.9930880069732666,0.10251399874687195,0.05716099962592125,0,-0.10596399754285812,0.9924970269203186,0.061000000685453415,0,-0.05047899857163429,-0.06663499772548676,0.9965000152587891,0,0,0.1069210022687912,-0.004548000171780586,1,0.9999039769172668,0.0018100000452250242,0.013725999742746353,0,-0.002876000013202429,0.996944010257721,0.07806999981403351,0,-0.01354300044476986,-0.0781020000576973,0.9968529939651489,0,0,0.12485399842262268,0,1,0.9998739957809448,0.002167999977245927,0.015711000189185143,0,-0.002466999925673008,0.9998149871826172,0.019051000475883484,0,-0.01566700078547001,-0.01908699981868267,0.9996950030326843,0,0,0.1426900029182434,0,1,0.9979450106620789,0.05778399854898453,-0.02768399938941002,0,-0.059172000735998154,0.996878981590271,-0.05226299911737442,0,0.024577999487519264,0.05379299819469452,0.9982500076293945,0,0,0.16052600741386414,0,1,0.9993510246276855,-0.020395999774336815,0.029704000800848007,0,0.01880200020968914,0.9984189867973328,0.052976999431848526,0,-0.030737999826669693,-0.05238400027155876,0.9981539845466614,0,0,0.08235099911689758,0.0027660001069307327,1,0.05190499871969223,0.005584999918937683,-0.99863600730896,0,0.9764840006828308,-0.2098110020160675,0.049580998718738556,0,-0.20924800634384155,-0.9777259826660156,-0.01634399965405464,0,0.11280900239944458,0.12530800700187683,-0.0013559999642893672,1,0.8148080110549927,0.5049960017204285,-0.2847230136394501,0,0.09858199954032898,0.3632810115814209,0.9264490008354187,0,0.571287989616394,-0.7829470038414001,0.24621999263763428,0,0,0.23640799522399902,0,1,0.8526650071144104,0.3083530068397522,0.4217579960823059,0,-0.2979060113430023,0.950115978717804,-0.09236700087785721,0,-0.42920100688934326,-0.04688600078225136,0.9019910097122192,0,0,0.11701899766921997,0,1,0.10494700074195862,0.0047240001149475574,0.99446702003479,0,-0.9350339770317078,-0.34007900953292847,0.10029000043869019,0,0.3386709988117218,-0.9403849840164185,-0.031272999942302704,0,-0.11280900239944458,0.12532000243663788,-0.001639000023715198,1,0.9127020239830017,0.39640799164772034,-0.0991709977388382,0,-0.09146200120449066,0.43471699953079224,0.8959109783172607,0,0.39825698733329773,-0.8086299896240234,0.43302300572395325,0,0,0.23640799522399902,0,1,0.9605870246887207,-0.23114000260829926,0.15442399680614471,0,0.21958200633525848,0.9715849757194519,0.08835700154304504,0,-0.17045900225639343,-0.05096599832177162,0.9840459823608398,0,0,0.11789300292730331,0,1,-0.9726160168647766,-0.21703100204467773,0.08315599709749222,0,0.2122579962015152,-0.9752069711685181,-0.06258600205183029,0,0.09467799961566925,-0.04322199895977974,0.9945690035820007,0,0.13030600547790527,-0.05987200140953064,-0.003938000183552504,1,0.9821079969406128,-0.1866369992494583,-0.02509699948132038,0,0.18184299767017365,0.9745299816131592,-0.13124500215053558,0,0.04895300045609474,0.12433300167322159,0.9910320043563843,0,0,0.3087190091609955,0,1,0.9917529821395874,0.1267080008983612,0.019269999116659164,0,-0.030313000082969666,0.08581200242042542,0.9958500266075134,0,0.12452799826860428,-0.9882209897041321,0.08894500136375427,0,0,0.19481000304222107,0,1,0.9982230067253113,-0.059571001678705215,-0.0011569999624043703,0,0.05845800042152405,0.9754570126533508,0.21229000389575958,0,-0.011517000384628773,-0.21198000013828278,0.9772059917449951,0,0,0.40501299500465393,0,1,-0.9368810057640076,-0.08274900168180466,-0.33971500396728516,0,-0.25766900181770325,-0.49335598945617676,0.8307859897613525,0,-0.2363470047712326,0.8658819794654846,0.4408940076828003,0,-0.13030600547790527,-0.05987200140953064,0.004098999779671431,1,0.9965360164642334,-0.01534000039100647,0.08173800259828568,0,0.07771600037813187,-0.1781349927186966,-0.9809319972991943,0,0.029608000069856644,0.9838860034942627,-0.17632600665092468,0,0,0.30887800455093384,0,1,0.988461971282959,0.0037799999117851257,0.15142500400543213,0,-0.13174700736999512,-0.47182801365852356,0.8717920184135437,0,0.07474199682474136,-0.8816819787025452,-0.4658859968185425,0,0,0.5201889872550964,0,1,0.9989870190620422,0.045010000467300415,-0.00015700000221841037,0,-0.044815998524427414,0.9949960112571716,0.08929900079965591,0,0.004176000133156776,-0.08920200169086456,0.9960049986839294,0,0,0.872793972492218,0,1
